status=certified a=0.3 mu=1 modes=8 cells=44000 active_cells=34880 precision=160 step=0.0005
symbol_lipschitz=[9.33494575973807218023120410013 +/- 4.53e-30]
transform_lipschitz=[0.134164078649987381784550420124 +/- 1.24e-31]
cutoff_symbol_lower=[1.06185814253264922766028558042 +/- 4.87e-30]
matrix_top=[1.0 +/- 8.31e-3]
matrix_radius_norm=[0.00349159392953879432752728462219 +/- 2.39e-33]
legendre_tail_trace=[0.0004854454583147652985372035875182022660697 +/- 2.54e-44]
operator_norm_upper=[0.9991662178114746004722210965165767483817 +/- 1.55e-41]
localized_weil_lower_bound=[0.0008337821885253995277789034834232516183154 +/- 2.91e-44]
