status=certified a=0.3 mu=1 modes=8 cells=176000 active_cells=139152 precision=224 step=0.000125
symbol_lipschitz=[9.33494575973807218023120410013 +/- 4.53e-30]
transform_lipschitz=[0.134164078649987381784550420124 +/- 1.24e-31]
cutoff_symbol_lower=[1.06185814253264922766028558042 +/- 4.87e-30]
matrix_top=[1.0 +/- 5.69e-3]
matrix_radius_norm=[0.000872869851150426256936043500900 +/- 2.69e-34]
legendre_tail_trace=[0.0002351432298681342341805865709727579570919 +/- 4.92e-44]
operator_norm_upper=[0.9962971374103319278341277203121517005126 +/- 3.35e-42]
localized_weil_lower_bound=[0.003702862589668072165872279687848299487397 +/- 3.40e-43]
