order=4 u0=0.01 h=0.05 det=[1.962333306801677990744266e-8 +/- 1.44e-33] [positive]
order=5 u0=0.01 h=0.05 det=[-7.312542669171467931798261e-13 +/- 3.67e-38] [NEGATIVE]
